1.486e-76 1.398e-76 1.398e-76 1.398e-76 1.397e-76 5.599e-67 3.243e-86 6.990e-77 1.207e-153 1.398e-76 
1.398e-76 1.086e-42 1.397e-76 1.304e-76 3.243e-86 6.990e-77 1.207e-153 4.429e-62 1.398e-76 1.398e-76 
1.398e-76 1.397e-76 3.225e-86 6.995e-77 1.207e-153 2.579e-57 1.398e-76 1.398e-76 5.052e-38 1.397e-76 
1.304e-76 3.243e-86 6.990e-77 1.207e-153 8.610e-43 1.398e-76 1.398e-76 1.397e-76 1.304e-76 3.243e-86 
6.995e-77 1.207e-153 1.398e-76 1.398e-76 1.398e-76 1.397e-76 1.304e-76 3.243e-86 6.990e-77 1.207e-153 
1.398e-76 7.275e-43 1.398e-76 1.398e-76 1.397e-76 1.304e-76 2.820e-77 1.879e-153 1.398e-76 1.398e-76 
1.398e-76 1.398e-76 4.850e-33 1.304e-76 3.243e-86 6.990e-77 1.207e-153 1.398e-76 1.518e-47 1.398e-76 
1.397e-76 1.304e-76 3.243e-86 6.990e-77 1.806e-153 1.398e-76 1.398e-76 1.398e-76 1.398e-76 1.304e-76 
3.243e-86 6.990e-77 1.207e-153 1.398e-76 1.398e-76 2.007e-52 1.398e-76 1.397e-76 1.304e-76 3.243e-86 
6.580e-260 3.510e-33 1.398e-76 1.398e-76 1.398e-76 1.397e-76 2.907e-33 3.243e-86 6.990e-77 1.207e-153 


